3.003e-6
10
Sun     0 0                      0 0                      0 0 3.3291821499112800E+05
Mercury 0 3.8710444206190900E-01 0 1.6126322862422300E+00 0 0 5.4986441699307000E-02
Venus   0 7.2193541258308000E-01 0 1.1758777087182900E+00 0 0 8.1466974657694700E-01
Earth   0 1                      0 1                      0 0 1
Moon    0 1.0025695553018200E+00 0 1.0343692256005400E+00 0 0 1.2319641123497700E-02
Mars    0 1.5240858710087200E+00 0 8.1068368889635500E-01 0 0 1.0695992768906300E-01
Jupiter 0 5.2044190201371200E+00 0 4.3910633294137400E-01 0 0 3.1769944092932900E+02
Saturn  0 9.5589596295722700E+00 0 3.2555014278515000E-01 0 0 9.5125707207659600E+01
Uranus  0 1.8716844029931700E+01 0 2.2879220561061600E-01 0 0 1.4530815841451600E+01
Neptune 0 3.0414871548639000E+01 0 1.8259365026037300E-01 0 0 1.7140370258779400E+01
